- bbox1_lon: 141.367178
  bbox1_lat: 43.066033
  bbox2_lon: 141.346493
  bbox2_lat: 43.077263
  layer: mapnik
  marker_lat: 34.692725
  marker_lon: 135.490429
  zoom: 14
